Nlayer
10
r0 @ wfs lambda
0.1289
cn2 ESO units
0.5900000333786011 0.020000001415610313 0.04000000283122063 0.06000000238418579 0.010000000707805157 0.05000000447034836 0.09000001102685928 0.04000000283122063 0.05000000447034836 0.05000000447034836 
h in meters
34.64101791381836 161.6580810546875 324.4708557128906 648.9417114257812 1299.0380859375 2598.076171875 5196.15234375 8948.9296875 12701.7060546875 16165.8076171875 
l0 in meters
25.0 25.0 25.0 25.0 25.0 25.0 25.0 25.0 25.0 25.0 
wind direction 
0.0 10.0 20.0 25.0 0.0 10.0 20.0 25.0 0.0 10.0 
wind speed meter/s^-1
6.599999904632568 5.900000095367432 5.099999904632568 4.5 5.099999904632568 8.300000190734863 16.299999237060547 30.200000762939453 34.29999923706055 17.5 